duc@duc-Blade-Stealth:~$ pgrep -x firefox
1486
duc@duc-Blade-Stealth:~$ ps -o nlwp 1486
NLWP
  57
duc@duc-Blade-Stealth:~$ ls /proc/1486/task/
1486  1497  1502  1507  1515  1527  1534  1541  1567  1583  1665  1973
1493  1498  1503  1508  1516  1528  1535  1543  1577  1584  1668  1975
1494  1499  1504  1511  1517  1530  1536  1544  1580  1585  1728
1495  1500  1505  1512  1518  1531  1537  1546  1581  1603  1898
1496  1501  1506  1514  1519  1533  1539  1566  1582  1604  1972
duc@duc-Blade-Stealth:~$ ls /proc/1486/task/ | wc -l
57

